              precision    recall  f1-score   support

           0       0.97      0.96      0.97       244
           1       0.91      0.97      0.94       287
           2       0.88      0.90      0.89       235
           3       0.91      0.85      0.88       281
           4       0.90      0.94      0.92       213
           5       0.86      0.85      0.85       215
           6       0.95      0.93      0.94       225
           7       0.94      0.91      0.92       257
           8       0.83      0.87      0.85       253
           9       0.90      0.87      0.89       290

    accuracy                           0.90      2500
   macro avg       0.91      0.91      0.90      2500
weighted avg       0.91      0.90      0.90      2500

